tree
version=v3
num_class=1
num_tree_per_iteration=1
label_index=0
max_feature_idx=89
objective=regression
feature_names=1 2 3 4 5 6 7 8 9 10 11 12 13 14 15 16 17 18 19 20 21 22 23 24 25 26 27 28 29 30 31 32 33 34 35 36 37 38 39 40 41 42 43 44 45 46 47 48 49 50 51 52 53 54 55 56 57 58 59 60 61 62 63 64 65 66 67 68 69 70 71 72 73 74 75 76 77 78 79 80 81 82 83 84 85 86 87 88 89 90
feature_infos=[18.98254:54.009399999999999] [-242.00046:171.16345999999999] [-157.36580000000001:233.16766000000001] [-70.04128:112.68839] [-84.550470000000004:262.06887] [-55.861449999999998:65.624629999999996] [-96.656409999999994:111.52961000000001] [-36.845370000000003:47.619120000000002] [-70.918790000000001:75.038510000000002] [-28.0975:28.17775] [-23.923970000000001:18.72193] [-40.818190000000001:41.010240000000003] [2.0268299999999999:396.91851000000003] [149.83596:24682.600740000002] [246.73851999999999:11894.54952] [170.20971:17997.793529999999] [136.19406000000001:6908.0539799999997] [54.347639999999998:4919.8236900000002] [122.5367:4795.0469499999999] [83.116489999999999:3822.6547700000001] [73.302059999999997:2882.9508799999999] [39.496940000000002:1551.82023] [39.848930000000003:2688.1592900000001] [53.247109999999999:1888.64912] [-2172.2524600000002:1312.95171] [-3405.6956700000001:10328.666939999999] [-5897.9892099999997:4337.0894500000004] [-2954.9339:2764.75938] [-1050.6309799999999:963.23382000000004] [-381.50078000000002:1139.1034199999999] [-1220.56005:852.58992999999998] [-434.49059999999997:490.96816000000001] [-310.09557000000001:587.40684999999996] [-390.71411000000001:873.56772999999998] [-382.84926999999999:250.12251000000001] [-483.07738999999998:998.74143000000004] [-2362.6118299999998:14148.99785] [-3693.1876299999999:2961.6127499999998] [-3829.2768999999998:1001.7754] [-1500.9023500000001:2418.7614699999999] [-983.71442999999999:746.90578000000005] [-1140.7932000000001:966.31749000000002] [-1224.79855:549.9778] [-273.16192999999998:174.67025000000001] [-242.52803:329.09226999999998] [-1329.95974:635.49266] [-3844.3240700000001:3534.7186900000002] [-1229.7265:3338.4961499999999] [-3275.4962500000001:1640.02109] [-1914.7365299999999:648.44979999999998] [-629.41117999999994:694.38102000000003] [-825.03684999999996:662.69307000000003] [-806.20685000000003:577.43627000000004] [-867.82204000000002:765.32185000000004] [-393.15082999999998:473.06664999999998] [-1733.16533:2694.1826999999998] [-1663.16065:2982.6163700000002] [-4730.5991000000004:6078.5895099999998] [-884.09649000000002:2089.7698099999998] [-724.04047000000003:900.13135999999997] [-391.35363999999998:804.55808999999999] [-358.62517000000003:383.25272000000001] [-180.72277:223.30475000000001] [-2316.9658599999998:1455.90563] [-1874.2270699999999:1307.7863299999999] [-918.85585000000003:735.73545000000001] [-836.30409999999995:625.2808] [-646.79738999999995:1000.45935] [-410.55043999999998:866.79426000000001] [-185.28400999999999:275.36980999999997] [-7057.71245:1262.8443400000001] [-1764.61059:1812.2996800000001] [-3067.9941600000002:1004.68597] [-452.80799999999999:490.16446999999999] [-501.86727999999999:676.62946999999997] [-345.35527000000002:741.02901999999995] [-1249.66302:1822.7217499999999] [-809.80304000000001:996.50842999999998] [-3180.2272200000002:1118.9984899999999] [-997.52093000000002:1023.62627] [-255.60724999999999:222.69997000000001] [-1650.7568900000001:882.09659999999997] [-700.59991000000002:1186.77791] [-562.64500999999996:1482.6421399999999] [-130.67429999999999:97.774760000000001] [-745.36613999999997:1125.88095] [-1699.2352699999999:814.33693000000005] [-64.538939999999997:203.64948000000001] [-1511.3969300000001:2559.5721100000001] [-177.40309999999999:182.35365999999999]
tree_sizes=2601 2694 2686 2686 2694 2708 2687 2699 2708 2711

Tree=0
num_leaves=31
num_cat=0
split_feature=5 0 19 2 7 73 81 35 5 75 15 85 0 31 15 36 11 81 87 72 75 3 7 17 18 40 38 50 13 14
split_gain=19668 9913.15 6925.84 5759.82 4487.75 4973.31 4147.84 3447.7 3271.86 2951.11 2662.92 2638.71 2356.49 2269.34 2242.43 2143.29 2525.97 2024.72 1922.87 1905.23 1878.35 3040.24 1779.81 1734.56 1612.6 1540.76 1693.14 1428.37 1405.35 1310.8
threshold=-15.291949999999998 42.111505000000008 571.29903000000013 -18.107974999999996 2.3009100000000005 -1.2081949999999997 -10.850889999999998 72.071170000000009 5.7255000000000011 -4.2857599999999989 594.71591000000012 -78.175569999999979 49.477505000000001 28.246910000000003 1543.8966150000003 223.81982000000002 -5.5910249999999992 143.22957500000004 -0.75738499999999986 -64.201104999999984 -16.864464999999996 14.624885000000001 5.6066050000000009 1040.618635 406.55472000000003 27.705465000000004 -89.566174999999987 91.805935000000019 2656.2258450000004 1240.7326700000001
decision_type=2 2 2 2 2 2 2 2 2 2 2 2 2 2 2 2 2 2 2 2 2 2 2 2 2 2 2 2 2 2
left_child=12 3 4 27 8 6 22 15 10 19 -3 -11 14 -13 25 16 -5 24 -15 20 21 -9 -6 -18 -4 -1 -27 28 -2 -12
right_child=1 2 17 7 5 -7 -8 9 -10 11 29 13 -14 18 -16 -17 23 -19 -20 -21 -22 -23 -24 -25 -26 26 -28 -29 -30 -31
leaf_value=1999.1375835166195 1998.1691260827001 1997.8872999758721 1998.4862999821901 1997.2762999774218 1998.7748714207239 1998.9345653004646 1996.8154176126648 1996.7820142808471 1997.7641571507625 1996.4843434664892 1999.2122448769253 1998.4872999939919 1999.5342481939706 1998.001734772392 1999.5577077505288 1999.3539086916551 1998.7931749935894 1998.3236809297744 1996.7677285563434 1998.6647782522077 1998.4101888888943 1998.3962999964951 1997.5570142648107 1997.7962999892434 1999.4232999871042 1998.1296333167818 1999.0929216145566 1999.1846333306232 1998.9643232451151 1998.8104111043613
leaf_weight=261 46 25 20 20 28 49 34 28 28 23 127 25 251 23 103 23 64 21 28 46 36 20 21 24 225 36 37 60 43 225
leaf_count=261 46 25 20 20 28 49 34 28 28 23 127 25 251 23 103 23 64 21 28 46 36 20 21 24 225 36 37 60 43 225
internal_value=1998.86 1998.63 1998.85 1998.28 1998.64 1998.14 1997.66 1998.07 1998.81 1997.83 1998.88 1997.42 1999.29 1997.71 1999.15 1998.48 1998.29 1999.27 1997.32 1998.15 1997.86 1997.45 1998.25 1998.52 1999.35 1999.02 1998.62 1998.81 1998.55 1998.96
internal_weight=0 1312 803 509 537 132 83 360 405 229 377 99 688 76 437 131 108 266 51 130 84 48 49 88 245 334 73 149 89 352
internal_count=2000 1312 803 509 537 132 83 360 405 229 377 99 688 76 437 131 108 266 51 130 84 48 49 88 245 334 73 149 89 352
is_linear=0
shrinkage=1


Tree=1
num_leaves=31
num_cat=0
split_feature=5 0 4 2 56 19 40 35 0 19 64 66 37 37 70 73 25 74 31 42 57 70 7 40 87 19 10 63 49 62
split_gain=15996.4 6980.61 5406.24 4608.33 4149.73 3259.72 3097.37 2972.25 2910.68 2995.28 2846.48 2765.65 2560.26 2496.49 2442.16 2421.69 2070.78 4175.11 2177.19 1963.99 1817.38 1792.67 2654.98 1429.49 1235.2 1230.67 1156.13 1145.31 1135.13 1106.03
threshold=-12.220764999999998 42.400060000000003 -17.575524999999995 -16.646199999999997 -27.854769999999998 571.29903000000013 6.7714000000000008 72.071170000000009 49.54115500000001 434.17449500000004 152.64973500000005 32.924445000000013 -124.870955 -44.283079999999991 127.62122000000001 -40.110879999999995 1271.0941800000003 -34.155639999999998 19.439690000000002 -34.597069999999995 -44.886459999999992 -32.416029999999992 0.41337000000000007 51.712515000000003 3.4871050000000001 498.33450000000005 -4.4374949999999993 -81.143464999999978 36.712080000000007 -11.186594999999999
decision_type=2 2 2 2 2 2 2 2 2 2 2 2 2 2 2 2 2 2 2 2 2 2 2 2 2 2 2 2 2 2
left_child=8 3 4 26 -3 10 25 21 9 11 15 23 -8 -13 16 24 18 -18 28 -20 -14 -5 -23 29 -4 -6 -2 -15 -9 -1
right_child=1 2 5 7 6 -7 12 14 -10 -11 -12 13 20 27 -16 -17 17 -19 19 -21 -22 22 -24 -25 -26 -27 -28 -29 -30 -31
leaf_value=0.48705358517666658 -0.55915148295462136 0.30684864846584592 -0.1312060035765171 0.022989896521903575 -0.64423416207234074 0.4852074687902847 -1.9091599289576213 0.35285417854785922 0.57720571399366905 0.43501079333441783 -0.96972405910491943 -1.3147484853311822 -1.3198626719988311 -0.65746114708128434 -1.7106810011797482 0.21095256093160614 -0.42404294878244403 -2.4673518168926241 -0.65244155038852947 -1.845559794252569 -0.11311887626846631 -0.20076816815596363 -1.5053413207714375 -0.4972603755612528 -1.1952860876917839 0.39122498739849437 0.11177795885574252 0.33545978476221744 -0.5102373817935586 0.048240544803284269
leaf_weight=96 34 46 24 64 24 178 30 20 283 277 31 27 26 21 36 184 20 20 37 22 24 39 26 31 20 22 105 26 64 143
leaf_count=96 34 46 24 64 24 178 30 20 283 277 31 27 26 21 36 184 20 20 37 22 24 39 26 31 20 22 105 26 64 143
internal_value=0 -0.256847 -0.0311652 -0.539066 -0.50608 0.155758 -0.802863 -0.733479 0.311399 0.190267 -0.0706596 -0.0068095 -1.17883 -0.548418 -0.957777 0.0515816 -0.809665 -1.4457 -0.631754 -1.09733 -0.740626 -0.352694 -0.722597 0.141631 -0.614879 -0.149015 -0.0523343 -0.108186 -0.304739 0.2245
internal_weight=0 1096 609 487 172 437 126 348 904 621 259 344 80 74 219 228 183 40 143 59 50 129 65 270 44 46 139 47 84 239
internal_count=2000 1096 609 487 172 437 126 348 904 621 259 344 80 74 219 228 183 40 143 59 50 129 65 270 44 46 139 47 84 239
is_linear=0
shrinkage=0.1


Tree=2
num_leaves=31
num_cat=0
split_feature=5 0 4 2 56 40 70 19 5 64 51 7 31 86 55 41 81 73 75 0 0 19 1 7 1 59 31 28 83 73
split_gain=13391 6994.14 4363.92 3834.83 3224.16 2898.93 2740.18 2684.19 2688.16 2922.8 2451.74 2373.41 2210.45 2177.6 3668.68 2400.78 2043.13 1988.76 1958.43 1699.75 1632.11 1511.52 2416.01 1500.34 1471.28 1369.38 1176.63 1141.86 1061.97 931.545
threshold=-16.284379999999995 42.400060000000003 -17.575524999999995 -18.107974999999996 -30.061319999999998 25.905335000000004 127.62122000000001 571.29903000000013 2.2216650000000002 61.923330000000007 15.545655000000002 0.72831000000000012 28.717415000000003 24.912045000000003 428.80382500000007 -43.046674999999993 69.074140000000014 -11.170324999999998 7.0196150000000008 50.118620000000007 44.887180000000008 437.76420000000007 2.2315400000000003 6.1786350000000008 -9.9520499999999981 -48.760794999999995 47.458620000000003 25.608510000000003 38.745970000000007 -77.028904999999995
decision_type=2 2 2 2 2 2 2 2 2 2 2 2 2 2 2 2 2 2 2 2 2 2 2 2 2 2 2 2 2 2
left_child=20 3 4 23 -3 19 10 8 16 -10 29 18 27 26 15 -15 -4 -18 -8 25 21 22 -1 24 -2 -6 -12 -7 -26 -5
right_child=1 2 7 6 5 12 11 -9 9 -11 13 -13 -14 14 -16 -17 17 -19 -20 -21 -22 -23 -24 -25 28 -27 -28 -29 -30 -31
leaf_value=0.2177380819246173 0.37258738600588465 0.24388165826147257 0.18927636132155301 -0.65870089655121167 0.05966875976131808 -1.0835568058490754 -0.14702835756799448 0.43644088277000992 0.09318261515526545 -1.5561682594093411 -0.25710334180217037 -2.0566173835234212 -1.5852081271442209 0.12650291350754825 -2.2412306046202071 -1.1799606896363772 -1.2807493311166764 0.11259383046556087 -1.4827227819533577 0.57126339125362313 0.49486535041105184 0.44802007874629157 -0.76872879217068357 -0.79213090098422512 -0.69617339072208262 -0.83075683674751188 -0.90944899263290258 -0.050409491165824563 0.1250667296582833 0.048673019621027519
leaf_weight=80 77 66 277 24 31 20 23 217 21 22 95 22 37 22 21 39 20 21 21 22 420 96 36 23 31 39 39 23 32 83
leaf_count=80 77 66 277 24 31 20 23 217 21 22 95 22 37 22 21 39 20 21 21 22 420 96 36 23 31 39 39 23 32 83
internal_value=0 -0.175876 0.0100965 -0.450792 -0.35029 -0.578286 -0.621409 0.158491 -0.00858679 -0.750671 -0.501435 -1.20855 -1.01854 -0.695345 -1.10123 -0.708777 0.091758 -0.567086 -0.784519 -0.195456 0.380693 0.154503 -0.0884068 -0.0436136 0.0793571 -0.436426 -0.446965 -0.530943 -0.279036 -0.10999
internal_weight=0 1368 816 552 238 172 389 578 361 43 323 66 80 216 82 61 318 41 44 92 632 212 116 163 140 70 134 43 63 107
internal_count=2000 1368 816 552 238 172 389 578 361 43 323 66 80 216 82 61 318 41 44 92 632 212 116 163 140 70 134 43 63 107
is_linear=0
shrinkage=0.1


Tree=3
num_leaves=31
num_cat=0
split_feature=5 0 40 4 52 7 71 36 18 14 62 82 2 66 1 2 2 70 56 61 66 82 42 76 0 19 22 9 19 1
split_gain=10846.7 5665.25 3842.55 3479.68 3342.22 3962.47 2473.71 2433.82 2412.42 2340.18 2830.41 2052.35 2128.71 2227.84 1787.88 1783.7 1724.15 2443.71 1704.5 1516.03 1771.47 1569.86 1358.84 1449.64 1322.01 1267.85 1339.03 1244 1224.33 1956.97
threshold=-16.284379999999995 42.400060000000003 -9.8954199999999997 -14.861894999999999 57.469465000000007 -0.68606999999999985 32.518665000000006 -9.4158799999999996 574.25689000000011 3946.8424850000006 29.600215000000002 -18.347829999999998 -10.858334999999999 29.228180000000002 -56.519619999999996 42.776640000000008 19.693695000000002 97.697085000000001 120.61739500000002 0.21063500000000004 52.779015000000008 2.2971500000000007 -36.432544999999998 -156.87258999999997 44.887180000000008 473.09907500000003 335.27868000000007 4.294385000000001 437.76420000000007 2.2315400000000003
decision_type=2 2 2 2 2 2 2 2 2 2 2 2 2 2 2 2 2 2 2 2 2 2 2 2 2 2 2 2 2 2
left_child=24 4 19 6 5 11 8 9 18 10 27 12 -2 -14 -13 -8 -5 -18 -4 -3 -21 -22 23 -16 28 26 -9 -7 29 -1
right_child=1 2 3 16 -6 7 15 25 -10 -11 -12 14 13 -15 22 -17 17 -19 -20 20 21 -23 -24 -25 -26 -27 -28 -29 -30 -31
leaf_value=0.19596427276730538 0.10417657284574076 0.48365972937056512 -0.6483606044203043 0.20124800254404548 0.20086997728317213 -1.630852385335847 0.1822919053557728 -0.42235139545518907 -0.00021733874860017195 -2.1144705443155196 0.071763816493607704 0.43063927245140077 -0.51993098510750413 -1.8918421900272371 -1.1936688734726473 -0.84811005617181456 0.056693702892345543 -0.95317369413536945 -1.6450198157413585 0.27173724553801798 0.20002332376721116 -0.8980823822319508 0.16186924773454667 -0.27051437695821129 0.445378812906288 -0.11081823905309041 -1.4654043236374856 -0.73317185029960596 0.40321806967258456 -0.69185592333475754
leaf_weight=80 22 165 32 200 78 38 56 32 23 21 21 50 29 20 22 24 68 37 37 121 23 30 50 75 420 48 20 26 96 36
leaf_count=80 22 165 32 200 78 38 56 32 23 21 21 50 29 20 22 24 68 37 37 121 23 30 50 75 420 48 20 26 96 36
internal_value=0 -0.158288 0.0090869 -0.173852 -0.405712 -0.50553 -0.533515 -0.835312 -0.887155 -1.16917 -0.935621 -0.25204 -0.712999 -1.07989 -0.085908 -0.126829 0.0289749 -0.299164 -1.1828 0.266496 0.0605648 -0.421546 -0.261604 -0.47989 0.342624 -0.481426 -0.823526 -1.26617 0.139053 -0.0795661
internal_weight=0 1368 816 477 552 474 172 206 92 106 85 268 71 49 197 80 305 105 69 339 174 53 147 97 632 100 52 64 212 116
internal_count=2000 1368 816 477 552 474 172 206 92 106 85 268 71 49 197 80 305 105 69 339 174 53 147 97 632 100 52 64 212 116
is_linear=0
shrinkage=0.1


Tree=4
num_leaves=31
num_cat=0
split_feature=5 6 19 0 7 40 29 37 41 10 37 22 56 55 1 73 89 62 14 58 56 0 19 58 42 63 3 81 77 8
split_gain=8899.81 4064.77 3104.61 2625.66 2586.97 2466.05 2381.08 2295.49 2252.67 2378.42 2158.75 2060.79 3191.01 2579.29 1813.17 1642.81 1463.5 1638.51 1462.2 2045.11 1461.55 1349.08 1504.95 1307.98 1292.28 1476.06 2615.94 1220.32 1334.17 1164.15
threshold=-10.071264999999999 -36.097929999999998 513.72240500000009 42.111505000000008 0.027345000000000005 7.6739300000000013 63.996230000000004 -110.56975999999999 52.363110000000006 1.2274150000000004 -67.82365999999999 348.53616500000004 257.03280000000007 23.520150000000005 -62.447909999999993 88.017105000000015 -20.649749999999994 33.139640000000007 2004.5874950000002 137.54764500000002 105.55636500000001 47.91606500000001 399.86483000000004 18.371060000000003 -30.811995 -127.63119499999999 1.5134800000000002 -52.494074999999988 105.98357500000002 4.5089500000000013
decision_type=2 2 2 2 2 2 2 2 2 2 2 2 2 2 2 2 2 2 2 2 2 2 2 2 2 2 2 2 2 2
left_child=5 -2 4 15 8 21 10 -5 -3 29 -6 12 24 -14 -8 16 -4 18 -18 -20 -16 22 23 -1 -7 26 -26 -9 -29 -10
right_child=1 2 3 7 6 11 14 27 9 -11 -12 -13 13 -15 20 -17 17 -19 19 -21 -22 -23 -24 -25 25 -27 -28 28 -30 -31
leaf_value=0.20543407998003424 -1.5013777347902457 0.02326542542356512 0.37467552199959758 -0.57032806040609585 -0.9364475976776433 0.23690957394169854 -0.32714490091800691 0.48942052300634054 0.23554863399929471 -1.3960339023516728 0.023109395825304094 0.554366491970263 -1.6175895815310271 -0.11997155156796394 -0.8723583884711843 0.51771577497323351 -0.23901783069397542 -0.022552519882547445 -0.56242175665886507 -1.6860899247825145 -1.8525203332818787 0.4938762494792468 0.38377432400621658 -0.35752254360738922 0.052384726935997605 0.053496162333514223 -1.4759031812349956 0.22358566773672628 -0.69828670799732206 -0.65605854808818553
leaf_weight=105 24 184 24 34 37 144 25 145 27 26 64 57 23 23 32 24 47 58 46 25 29 271 207 68 24 81 21 73 20 32
leaf_count=105 24 184 24 34 37 144 25 145 27 26 64 57 23 23 32 24 47 58 46 25 29 271 207 68 24 81 21 73 20 32
internal_value=0 -0.216073 -0.18367 -0.0105188 -0.372011 0.205945 -0.657683 0.198275 -0.17342 -0.599188 -0.328411 0.000928736 -0.0989002 -0.868781 -1.04439 -0.264054 -0.357867 -0.457759 -0.671674 -0.95808 -1.33834 0.323411 0.201843 -0.0158437 0.0322646 -0.201615 -0.660816 0.308076 0.0253335 -0.248035
internal_weight=0 976 952 496 456 1024 187 272 269 85 101 373 316 46 86 224 200 176 118 71 61 651 380 173 270 126 45 238 93 59
internal_count=2000 976 952 496 456 1024 187 272 269 85 101 373 316 46 86 224 200 176 118 71 61 651 380 173 270 126 45 238 93 59
is_linear=0
shrinkage=0.1


Tree=5
num_leaves=31
num_cat=0
split_feature=5 7 37 70 0 2 58 75 17 40 3 4 38 56 11 44 1 73 33 40 66 3 81 19 15 62 6 40 63 52
split_gain=7353.97 4127.24 4863.73 3923.99 2867.06 2774.47 4012.62 2539.56 2887.81 2002.43 2472.26 1998.59 1904.66 1717.98 1542.76 1514.36 1279.32 1218.43 1193.08 1100.46 1076.72 1408.55 1573.39 992.327 978.194 934.281 907.513 879.141 955.285 1408.76
threshold=-16.284379999999995 3.4835950000000007 85.114310000000003 97.697085000000001 43.445385000000009 -7.1358949999999988 27.108870000000007 -1.2888899999999996 1126.2323300000003 -8.7237049999999989 14.148940000000001 -25.992754999999999 -265.36439999999993 105.55636500000001 -3.0184599999999997 10.585500000000001 -32.571044999999991 -50.215724999999999 -14.544679999999998 -80.091509999999985 36.795780000000008 1.0000000180025095e-35 -61.154779999999995 530.00422000000015 720.9123800000001 -15.533814999999999 7.1637600000000008 -6.5000599999999986 -60.423264999999994 24.604075000000005
decision_type=2 2 2 2 2 2 2 2 2 2 2 2 2 2 2 2 2 2 2 2 2 2 2 2 2 2 2 2 2 2
left_child=25 4 3 14 5 16 -7 18 15 -4 12 13 -11 -6 -3 -9 -2 -16 -8 -13 24 -22 -23 -18 -21 -1 -5 -27 29 -29
right_child=1 2 9 26 11 6 7 8 -10 10 -12 19 -14 -15 17 -17 23 -19 -20 20 21 22 -24 -25 -26 27 -28 28 -30 -31
leaf_value=0.43391444377209015 0.40919478630674067 -1.0868033722788095 0.27393255655107829 -1.1778812178156592 0.031584909318813255 -0.035433228136528105 -1.0401639041304589 -1.4047206887177059 -2.2404695669809978 -1.4216067978629361 0.24963101424276829 0.53775173301808532 -0.22244476979741684 -0.86151770276682726 -0.9804979167878628 -0.20378519144086613 -0.49697522582567261 -0.087936746423634207 -0.11501221187088802 -0.32805445907371389 0.17326001006823322 0.13644020339474081 -1.0248604659523284 0.079624722306342696 0.29379010055612292 0.303491134867033 -2.0861829064109112 -0.43635041872587277 0.31741724039560987 0.46900774804146395
leaf_weight=247 69 35 87 22 56 126 20 21 21 27 35 80 26 35 20 21 46 65 46 28 65 20 28 85 262 238 22 68 56 23
leaf_count=247 69 35 87 22 56 126 20 21 21 27 35 80 26 35 20 21 46 65 46 28 65 20 28 85 262 238 22 68 56 23
internal_value=0 -0.130335 -0.432953 -0.824228 -0.0306388 -0.218121 -0.436811 -0.828855 -1.28299 -0.0662727 -0.402612 0.117975 -0.833339 -0.311916 -0.528033 -0.804253 0.0607084 -0.297951 -0.395361 0.198969 0.131717 -0.130136 -0.540985 -0.122845 0.23375 0.282118 -1.63203 0.184731 -0.00754616 -0.207524
internal_weight=0 1368 339 164 1029 455 255 129 63 175 88 574 53 91 120 42 200 85 66 483 403 113 48 131 290 632 44 385 147 91
internal_count=2000 1368 339 164 1029 455 255 129 63 175 88 574 53 91 120 42 200 85 66 483 403 113 48 131 290 632 44 385 147 91
is_linear=0
shrinkage=0.1


Tree=6
num_leaves=31
num_cat=0
split_feature=0 2 40 38 53 70 56 37 55 9 13 62 2 30 29 78 82 68 82 89 78 7 11 7 5 3 64 64 4 52
split_gain=6151.04 3504.31 2815.35 2754.59 2376.47 2413.38 2366.87 1911.53 2775.54 1860.52 1689.68 1516.41 1495.43 1470.05 1910.86 1752.78 1381.03 1382.33 1359.59 1319.07 1742.57 1292.01 1131.78 1114.88 1077.61 910.824 903.578 833.251 734.527 1144.77
threshold=44.648435000000006 -1.2842599999999997 -1.8937299999999999 -190.22904499999999 17.391365000000004 108.51456500000002 269.40824000000003 -164.66804999999997 246.42423000000005 -0.58343999999999985 2871.4674550000004 -31.552744999999998 20.309215000000005 -4.4267699999999994 1.2563800000000003 -82.545359999999974 34.373945000000013 -13.22181 104.63159 4.740590000000001 -70.765489999999986 1.1769300000000003 7.3962200000000005 5.8295500000000002 -11.736464999999997 12.008425000000001 -86.034449999999993 130.58854000000002 -20.162239999999997 20.005875000000007
decision_type=2 2 2 2 2 2 2 2 2 2 2 2 2 2 2 2 2 2 2 2 2 2 2 2 2 2 2 2 2 2
left_child=1 10 27 4 5 -3 12 -6 22 -8 11 -1 28 -14 -15 -16 19 24 -7 -5 -21 -22 -9 -13 -18 26 -12 -2 29 -4
right_child=2 3 6 16 7 18 9 8 -10 -11 25 23 13 14 15 -17 17 -19 -20 20 21 -23 -24 -25 -26 -27 -28 -29 -30 -31
leaf_value=-0.93447123793038456 0.35340954849265871 -0.043017278596758843 0.28866357198532894 -0.020923695822174734 -0.32709336665115862 -1.5160182033266341 -1.3587289336181823 -1.1689311194419862 -2.089515246450901 -0.18588224601882852 -0.29100970556569655 0.021223280000789414 0.16106812200994922 0.21908729637370394 -0.15017526596784592 -1.1759900730103254 0.19222045767713677 0.36668630212168152 -0.36396964132785797 -1.4355822435021401 0.10668712746480416 -0.89693750583607224 -0.2659103670845861 -0.60548401493014714 -0.76739848202466965 0.50958335418486966 0.30171163699487807 -0.13151113021824706 0.3614000661390615 -0.66479538351297385
leaf_weight=22 525 100 34 65 38 21 21 35 24 38 43 203 92 34 31 36 22 79 20 20 29 23 23 33 25 80 64 38 162 20
leaf_count=22 525 100 34 65 38 21 21 35 24 38 43 203 92 34 31 36 22 79 20 20 29 23 23 33 25 80 64 38 162 20
internal_value=0 -0.180895 0.170017 -0.356143 -0.586299 -0.307926 -0.0112291 -0.913387 -1.18508 -0.603336 0.0254647 -0.14043 0.0741849 -0.128103 -0.391506 -0.701359 -0.127738 0.111207 -0.954043 -0.347499 -0.642323 -0.337224 -0.810837 -0.0664095 -0.318215 0.254347 0.0635152 0.32068 0.254933 -0.0644694
internal_weight=0 969 1031 524 261 141 468 120 82 59 445 258 409 193 101 67 263 126 41 137 72 52 58 236 47 187 107 563 216 54
internal_count=2000 969 1031 524 261 141 468 120 82 59 445 258 409 193 101 67 263 126 41 137 72 52 58 236 47 187 107 563 216 54
is_linear=0
shrinkage=0.1


Tree=7
num_leaves=31
num_cat=0
split_feature=5 6 73 7 70 57 0 15 56 4 84 48 26 58 34 2 18 4 58 22 40 57 66 50 88 79 59 52 8 88
split_gain=5196.79 2869.13 2124.98 1994.74 2342.1 1598.81 1536.57 2101.11 1636.81 2701.7 1497.29 1373.95 1282.4 1555.41 1437.51 1175.56 1121.44 1070.28 1350.69 1336.39 1219.6 1003.38 969.153 954.49 826.467 754.343 743.873 685.616 629.428 626.683
threshold=-10.071264999999999 -36.097929999999998 70.595180000000013 3.5441350000000003 107.10341500000001 -9.1073499999999985 49.979845000000005 1904.9217100000003 269.40824000000003 -11.031345 -21.085724999999996 -252.00462499999995 -425.8005849999999 122.89641000000002 39.608560000000004 12.519370000000002 383.91216000000003 -17.575524999999995 -47.31318499999999 332.93168000000009 -8.7237049999999989 -104.49887999999999 55.012020000000007 14.596490000000001 -128.39807999999996 60.858875000000005 -54.066414999999999 31.743740000000006 -5.2103099999999989 45.346920000000004
decision_type=2 2 2 2 2 2 2 2 2 2 2 2 2 2 2 2 2 2 2 2 2 2 2 2 2 2 2 2 2 2
left_child=6 -2 3 12 10 -6 7 8 16 -10 -5 -12 13 15 17 -3 22 18 -14 20 -20 -17 25 29 -19 -1 -18 28 -28 -13
right_child=1 2 -4 4 5 -7 -8 -9 9 -11 11 23 14 -15 -16 21 26 24 19 -21 -22 -23 -24 -25 -26 -27 27 -29 -30 -31
leaf_value=0.083238339100578998 -1.2449609126895667 0.12949344063627308 0.31617254986557913 -0.89056271829176703 -1.6714051257009093 -0.50465334107478454 0.37817153049578806 0.47257206171504723 -1.0324529310335986 0.061164418222575359 0.31366796917079587 0.112442820323141 0.22301129823986521 -0.93341606002714905 -0.63406486329105172 -1.0802573660016062 0.31417396297792394 -0.29530977128694452 -0.17503203241913409 0.15285708048829327 -1.0589594530898172 -0.1457476724629049 -0.63733599935808494 -0.83048774173547479 0.17942732296445793 -0.555441971800544 -0.56964363860474387 0.32753644724518566 0.01183950674435324 -0.56824595545019418
leaf_weight=116 24 58 93 32 23 24 241 121 37 58 46 38 47 36 36 20 196 42 27 27 37 27 31 29 289 22 22 59 121 21
leaf_count=116 24 58 93 32 23 24 241 121 37 58 46 38 47 36 36 20 196 42 27 27 37 27 31 29 289 22 22 59 121 21
internal_value=0 -0.165112 -0.137889 -0.187048 -0.452431 -1.07562 0.157372 0.0894121 0.0193783 -0.364771 -0.275987 -0.129222 -0.0995453 -0.366189 -0.0250961 -0.171712 0.0837419 0.0216477 -0.212309 -0.437145 -0.686053 -0.543411 -0.13208 -0.360733 0.119189 -0.0185803 0.175385 0.0407182 -0.0776194 -0.129836
internal_weight=0 976 952 859 213 47 1024 783 662 95 166 134 646 141 505 105 567 469 138 91 64 47 169 88 331 138 398 202 143 59
internal_count=2000 976 952 859 213 47 1024 783 662 95 166 134 646 141 505 105 567 469 138 91 64 47 169 88 331 138 398 202 143 59
is_linear=0
shrinkage=0.1


Tree=8
num_leaves=31
num_cat=0
split_feature=0 52 7 9 4 23 45 38 56 45 45 9 24 48 5 39 56 2 69 12 85 88 81 40 5 19 57 23 2 33
split_gain=4470.12 2723.56 3051.23 2375.35 2167.96 2355.21 2115.85 2025.95 2337.82 2482.7 2630.26 1846.35 1466.94 1527.18 1421.05 1862.47 1139.08 1365.3 1084.13 1013.49 936.367 901.313 882.76 827.646 790.493 1352.89 1251.06 774.548 688.274 1193.9
threshold=44.944350000000007 56.275050000000007 -2.7908099999999996 -1.5934299999999999 -8.8931299999999975 198.42301500000002 -12.166729999999999 -114.96828499999999 -53.332014999999991 86.633175000000008 36.797920000000005 7.9079200000000016 15.518135000000003 -43.62933499999999 -0.75529999999999986 -38.135454999999993 22.757250000000003 40.605945000000006 4.3988250000000013 24.920000000000005 34.803380000000011 -10.638799999999998 89.738055000000017 35.252075000000005 -20.475394999999995 315.25940000000008 -29.889584999999997 279.89303000000007 -0.64724499999999985 7.6690600000000009
decision_type=2 2 2 2 2 2 2 2 2 2 2 2 2 2 2 2 2 2 2 2 2 2 2 2 2 2 2 2 2 2
left_child=1 2 14 4 5 -2 -7 8 -4 10 11 12 19 20 21 -16 -5 24 -19 -10 -14 23 -9 -1 -18 26 -26 -3 -17 -30
right_child=3 27 7 16 -6 6 -8 22 9 -11 -12 -13 13 -15 15 28 17 18 -20 -21 -22 -23 -24 -25 25 -27 -28 -29 29 -31
leaf_value=0.071996621787548065 0.02668116167187691 -0.016850272031166617 0.034339584269613588 0.37916774952303101 0.18524073315991296 -1.7306447967886927 -0.43061287691516265 -0.011931839290746423 -0.074960239096121359 -1.6649280859778326 -0.012503196785978058 -0.16383634744321598 -2.1786697959899906 -0.74173572608109184 -1.1700927467573257 0.18013804849328063 0.39440942955995673 -0.001182317478316171 -0.92412297055125237 -1.0146241116027037 -1.2110091100633147 0.24027736497999627 -0.71106918826699261 -0.4959557537849133 -0.99271794319152828 0.18950389125122782 0.068392729878425595 0.41045038862334143 0.047424031667469536 -0.87488373328000313
leaf_weight=75 46 78 53 302 90 21 31 129 22 24 57 34 20 29 21 41 134 35 20 24 20 172 21 39 20 267 25 93 32 25
leaf_count=75 46 78 53 302 90 21 31 129 22 24 57 34 20 29 21 41 134 35 20 24 20 172 21 39 20 267 25 93 32 25
internal_value=0 -0.148162 -0.222378 0.150853 -0.169115 -0.494543 -0.955626 -0.406922 -0.564401 -0.702371 -0.590229 -0.811238 -1.00264 -1.29426 -0.0250756 -0.315469 0.225764 0.133293 -0.336797 -0.56522 -1.69484 0.0957524 -0.109811 -0.122303 0.191264 0.104016 -0.403212 0.215541 -0.132335 -0.357097
internal_weight=0 1009 838 991 188 98 52 433 283 230 206 149 115 69 405 119 803 501 55 46 40 286 150 114 446 312 45 171 98 57
internal_count=2000 1009 838 991 188 98 52 433 283 230 206 149 115 69 405 119 803 501 55 46 40 286 150 114 446 312 45 171 98 57
is_linear=0
shrinkage=0.1


Tree=9
num_leaves=31
num_cat=0
split_feature=5 66 56 7 70 1 43 84 46 31 40 57 3 60 82 47 9 37 53 49 14 52 66 9 70 84 50 33 58 35
split_gain=3664.85 2650.54 2361.14 1890.14 2693.72 1997.61 1673.94 1397.15 1171.02 1218.63 1093.88 1228.95 1320.76 1232.73 1319.88 1180.32 1086.28 971.615 823.927 897.267 823.623 888.562 782.143 1227.09 987.173 720.536 717.999 955.925 646.063 637.661
threshold=-16.284379999999995 -66.685949999999977 744.92748500000005 4.9657600000000004 74.966455000000011 32.333280000000009 -69.493049999999982 -20.610554999999994 559.77805500000011 141.38456500000004 -81.550134999999997 38.575155000000002 -2.8517749999999995 -7.3113699999999993 -7.5327999999999991 108.26558500000002 6.9472450000000014 -74.460359999999994 60.324350000000003 4.8274800000000004 3071.1702650000002 27.063525000000002 44.291400000000003 -1.4850649999999999 191.36970000000002 -0.270005 59.665985000000006 3.8683500000000008 59.38454500000001 181.39453500000002
decision_type=2 2 2 2 2 2 2 2 2 2 2 2 2 2 2 2 2 2 2 2 2 2 2 2 2 2 2 2 2 2
left_child=-1 20 3 6 7 -6 -3 -5 9 10 -8 12 17 14 -14 22 18 -12 19 -9 21 26 24 -24 28 -16 27 -2 -15 -13
right_child=1 2 -4 4 5 -7 8 16 -10 -11 11 29 13 15 25 -17 -18 -19 -20 -21 -22 -23 23 -25 -26 -27 -28 -29 -30 -31
leaf_value=0.19915788192007267 -0.86060917349088761 -0.90620776518531465 -0.98901465992358606 -0.78047165703028443 -1.4529281574487687 -0.23689068718390033 0.25500888566274454 0.017418293058872224 0.4003505511741553 -0.80664388185197655 -0.36925300763712987 0.20326594646015256 -1.0776620730343793 -0.22880742743957874 0.0031739799362240418 0.11923558290094832 0.275982581546246 0.16489633107291801 0.21688463125716556 -0.83142377097498299 0.51909949898254126 0.39050819717920748 -1.2538288803327653 -0.18513969941572711 -0.76886179257522935 -0.68005743299064969 0.18814803275924463 -0.0024966246064971474 0.41883446872234348 -0.38461132132936093
leaf_weight=632 21 23 33 32 35 22 101 20 56 22 45 152 36 43 33 86 59 140 22 33 64 65 21 22 22 29 52 34 24 21
leaf_count=632 21 23 33 32 35 22 101 20 56 22 45 152 36 43 33 86 59 140 22 33 64 65 21 22 22 29 52 34 24 21
internal_value=0 -0.0920086 -0.155565 -0.130538 -0.390463 -0.98358 -0.0643703 -0.186803 -0.0416713 -0.0727292 -0.0518955 -0.0978857 -0.177235 -0.301467 -0.596049 -0.169041 -0.0450312 0.0349681 -0.297562 -0.511106 0.212845 0.0988898 -0.356857 -0.707058 -0.187659 -0.316402 -0.0782615 -0.33014 0.0031837 0.131905
internal_weight=0 1368 1132 1099 223 57 876 166 853 797 775 674 501 316 98 218 134 185 75 53 236 172 132 43 89 62 107 55 67 173
internal_count=2000 1368 1132 1099 223 57 876 166 853 797 775 674 501 316 98 218 134 185 75 53 236 172 132 43 89 62 107 55 67 173
is_linear=0
shrinkage=0.1


end of trees

feature_importances:
1=15
6=13
8=13
41=13
3=12
20=12
57=11
71=9
5=8
2=7
38=7
67=7
74=7
4=6
10=6
53=6
59=6
82=6
32=5
58=5
63=5
83=5
15=4
16=4
39=4
65=4
76=4
7=3
12=3
19=3
23=3
34=3
36=3
43=3
46=3
51=3
56=3
64=3
85=3
89=3
9=2
11=2
14=2
18=2
24=2
30=2
37=2
42=2
49=2
50=2
54=2
60=2
79=2
86=2
88=2
90=2
13=1
25=1
26=1
27=1
29=1
31=1
35=1
40=1
44=1
45=1
47=1
48=1
52=1
61=1
62=1
69=1
70=1
72=1
73=1
75=1
77=1
78=1
80=1
84=1
87=1

parameters:
[boosting: gbdt]
[objective: regression]
[metric: l2]
[tree_learner: serial]
[device_type: cpu]
[data: ]
[valid: ]
[num_iterations: 10]
[learning_rate: 0.1]
[num_leaves: 31]
[num_threads: 2]
[deterministic: 0]
[force_col_wise: 0]
[force_row_wise: 0]
[histogram_pool_size: -1]
[max_depth: -1]
[min_data_in_leaf: 20]
[min_sum_hessian_in_leaf: 0.001]
[bagging_fraction: 1]
[pos_bagging_fraction: 1]
[neg_bagging_fraction: 1]
[bagging_freq: 0]
[bagging_seed: 3]
[feature_fraction: 1]
[feature_fraction_bynode: 1]
[feature_fraction_seed: 2]
[extra_trees: 0]
[extra_seed: 6]
[early_stopping_round: 0]
[first_metric_only: 0]
[max_delta_step: 0]
[lambda_l1: 0]
[lambda_l2: 0]
[linear_lambda: 0]
[min_gain_to_split: 0]
[drop_rate: 0.1]
[max_drop: 50]
[skip_drop: 0.5]
[xgboost_dart_mode: 0]
[uniform_drop: 0]
[drop_seed: 4]
[top_rate: 0.2]
[other_rate: 0.1]
[min_data_per_group: 100]
[max_cat_threshold: 32]
[cat_l2: 10]
[cat_smooth: 10]
[max_cat_to_onehot: 4]
[top_k: 20]
[monotone_constraints: ]
[monotone_constraints_method: basic]
[monotone_penalty: 0]
[feature_contri: ]
[forcedsplits_filename: ]
[refit_decay_rate: 0.9]
[cegb_tradeoff: 1]
[cegb_penalty_split: 0]
[cegb_penalty_feature_lazy: ]
[cegb_penalty_feature_coupled: ]
[path_smooth: 0]
[interaction_constraints: ]
[verbosity: -1]
[saved_feature_importance_type: 0]
[linear_tree: 0]
[max_bin: 255]
[max_bin_by_feature: ]
[min_data_in_bin: 3]
[bin_construct_sample_cnt: 200000]
[data_random_seed: 1]
[is_enable_sparse: 1]
[enable_bundle: 1]
[use_missing: 1]
[zero_as_missing: 0]
[feature_pre_filter: 1]
[pre_partition: 0]
[two_round: 0]
[header: 0]
[label_column: ]
[weight_column: ]
[group_column: ]
[ignore_column: ]
[categorical_feature: ]
[forcedbins_filename: ]
[precise_float_parser: 0]
[objective_seed: 5]
[num_class: 1]
[is_unbalance: 0]
[scale_pos_weight: 1]
[sigmoid: 1]
[boost_from_average: 1]
[reg_sqrt: 0]
[alpha: 0.9]
[fair_c: 1]
[poisson_max_delta_step: 0.7]
[tweedie_variance_power: 1.5]
[lambdarank_truncation_level: 30]
[lambdarank_norm: 1]
[label_gain: ]
[eval_at: ]
[multi_error_top_k: 1]
[auc_mu_weights: ]
[num_machines: 1]
[local_listen_port: 12400]
[time_out: 120]
[machine_list_filename: ]
[machines: ]
[gpu_platform_id: -1]
[gpu_device_id: -1]
[gpu_use_dp: 0]
[num_gpu: 1]

end of parameters

pandas_categorical:[]
